110

Ne! 111111 1111111111 1111 111111111111111111111 111111 111-
11111111111111111111111111 e 1’111111111111111111111 venera 1111 S. ewra
di 61111, 1111111111 11111111.

11 11 1111111 1111111111111 111 1111111111 in 111111 1111111
111 111 11111 111111111111111111111 nonae 11111 1111111111111111 1n·
11111111 11111111.

1111111111 111111 [nate 1111111.

1111111111111111111111 nome 11 1111111111 11 11111111 1111111111 111
111111 111111 1111111111111111111111 11 81111111.

Ν11 11111111 111111111111111111111111 0111111111 111 nascere 11
11111111111 111 11111111111111 11111111.

111111 11111 11111111 11 0111111111 1 11 111111 111 nascere 1111111
1111111111 1111111111 1111111 1111 ed 111111111111111111111.

1111 11111111 1111 11 11111111111111111 11 0111111111,11111111111
111 1111 come sopra 11111111111111111 1111 11111111111111111111111.

Nalla 1111111111 11 111111111111111111 1111111 neme 1111111111·
11111 11 aetna anni 1111111111111 quarantene.

1111 11111111 1111111111111 111 111111111111 Β. 1. 11111111111111
nana.

Nalla 1111111111 11111 Palma 1111111111111111111111 sopra 111111-
11111 Ρ1111111.

111111 1111111111 11 1111111111111 1111111111 11111111.

111111 1111111111 111 111111111111 111111 1111111111 componendo ο 11-
11111111111 11 11111111111 solenne 111 8111111111 811111111111111-
11111 1111111111.

1111 1111111111 1111111111111 11111 nean del 111111 111 signore
11111 1115.11111111111111 visitanda 11 11111111111111111111 1111 1111111
111111 1111111 S. Cuore 111111111111111111. -

Nell'aamn 111 1111111 fian. ¹

1111111111. =
1. Gireoneisione del 8111111, Sannione, 1111111111 1111111111, 1 111 ¹
nascere 111 1111 come 11111; 11 11111111 11 1111 11111111 altrenann
1111111111.
1111111111 111 signore: Indulgenae Plenania. 1
1111111111 11111 B. V. 11111111111111111 anniae 1111111111 ¹
quarantene.
Febrem.

2. Purificaaione 11111 11. V. 1111111111 11111111.

 

