171

966666116616616666666666616166 aenean 1 centem
1 1666166666 11666616 enitendo 666 enen 1611 066116
nelle 6666161661 centense 6166666

129 166666666661 1666.116.6666666,11616666666; 61 16
S 61661616 1161166661.

169 1616166666. 61666116. 916166,1161116166116666.; 61116166-
geenne 66 11661666.

11916 lieren: 6166. 616. 61666666 116116 creone 61 6 S. 161616
noscentiae 66 11616666.

169 16 Aprile: 61661166666116616 6661661611666166116116616
nreengelo.

269161166616661166.11666116661616;61176166666161166-γ
10n; 61 19 6 6666666166 66 61666

11916 6166666 61 16 6. 1611661661 1666666 61 1911. 1116661166.

16916 166116ε 61 16 S. 116666661666; 61116 6, 1666666616 661666.

199 16 6666166 61 1 indulgeam 66116 1666666616 (6 queste si
666 1666666 616 66116 66116 616666 giorno, 6661166666 16 616116 66116
11161666, 6 16 6666161666 661 Semmn 16616666); 61 116116166666119
6. 66666166 1666666; 61 16 6. 16666166 66 61 6666616,

699 16 settembre: 61 6 6. 11666 661116666,· 6111 11 Se. 1661161
1116616 6 1166666 61 17 16 61166616 61 S. Frencesnn05 61 16 6116611166
666. 66666166.

61916 0116666661616616 661 Patriam S. nanneno 6’16161;
6116661166116616166666666 61 166. 116166 1116661666· 6116
S 61666661 66 6661616666.

619161666666666111661666611961111666611666616661

1166166616ς61 16 S„ Gieenmn 66116 1166666 61 1616616611 tnui 1 sanni ,

(1611966166. ι .

669 16 Decembre: elli 616616 66116 6661166666 ed 1666666166 666·
66616666 666111 666 66611666, 6 666161666 6111)1116161)16166,66116116666
solenne 16 ,66116 giorno, nelle chiese 6611066166 1666666666 posenno
lucrare 11666166666 61 6661666666) 616661 666 11 1161611666 6 1616661,
simile 666 16 116666, 6 616116 ¹ennena 6661 vennam 6 1 1666166666 61
cento sensenna 616661666 6166666 666 minere, 6166 erinna, 16666, enea,
16666666616161616616661661 6611611666 1666166666 61 nemeen
gionni 661 1161611666166116661 16 116666, 6166116 661 11666661, 66661·
16616 616661 661 6166661 666 minere.

6696166616 1666166666 6666616161 661 616666 66116 6669661666 Gen
eezinne, come nell’ anticolo 666661666,6666 66666666 6611161666 6111166
nene 16616 661 6666661666 Nome 61 6666, 661161161661666 61 1166161666·
1166666,6 6611616666666661666 61 Nostro Signnne.

 

