, veramente 6161111, 6161611611 6 6666616111, 661 611611 66116 ’11116 6661111
1161161661, 1161161161 padova, 61611161661,11611111 1116611 1616·
1166666, 6616616161, 6111116111161111661661 nnn 61111 6161616 611
66666111 666161; 1 66111 11116 616. 6111166 661 66116 611611 66111111·
616116 611 6111666161, 611 66161111666161111111611116116611611666

, 161 6611666616 66661616616161611661. ’

1161111111 116616611111166116 61 66661661 661111. m. 61 1611171161
11131116611666,6111161111661611116661111611616θη, 616611·Ὶ
111 111111616166161111111 61 Pana 66166111 116.

11 1166111111, 6111 devotamento 1161166666611 6111661”6111’666166,66
111 1111661 11111166, 61661661 11 ’6166161 666 11116616611 6666166161
661611161161116611166 6611616616, 611116661 61611616 1161161, 66 1111·
1611161 61 66611 111666 6111611,.1166166 11616161 indulgente, 6161 661
611661 66116 81111161. 61166166 661 111611611616161,61666616161161111,
611 1166161611 16 6111616 666161 1111161 61 111611, 611116 ’16 66111611·
16611116 11111166166611616116661 visitando 11 loro 66666116 66111
chiesa 6111616116116 1 11161111 11 6111611111611166661 nonne 61616,
6161661166611 11616666- 1161116616
11 cinsnhednnn 6116 6111 616666 Pater 66116 avanti 1611166 61116
6116116 11111161,616 ogni giorno 6161616 166161611616661161161166116611
quarantene, 61611 1666166616 nnnnngnnannn 1 finningen, 1161116611 66
11166111111111611116166611611116166611111611- · . .
⁴ ,6116 16. 66111 6111116161 616 6111611, 61111611, o 1616616111, 6 11161

10611ῑί110 ἰ1111611111611 666 6161161 11611666 1611616661,616611111··;

qno 616616 Patri 66 16166 61116 6166666166116 61 61161616116116
61111116161161611661, 6161166111661161666161111,6161161 61166

v 61166616 1161166611,1611 666 16 concessione 61 Gregorio 111661 61611
61111 16 1111116116 nnn, 111111 111 61111 16 6116611· 81661611 61 61 ’

111661 13 6 11. .

· 11111111 1111111161, 6111 61611 1111616111161111 61 61616166 666
16 1616 1611111 1161661 11111166 16161116, 6161161166161 6 1116661116
6111 11111166 1111661161 61 6661 61611,6666161’1661 16 1111166616 116·
1661611 6’1666111611,,166161666111111661 166116 1616616111 11666116
11116611 11611661 61661616, 6166616661 6661661161 11111 61611. ·

f Α 16111 quei 11161166161161161661 66611 666111 61 6661661661·
11661 1611616161616111 66166611111,16161116111161111611666111166·
116161111116111166 66111 6116161’,116 666 6161 16616111 611 1161 sn·
6111111 66111 111116 16166111 pen· 1111616 progresso 61 66111111, 611111
6661611661 611 1 deuon nnnghinne 61111 616616611 6611111161 11611111·

 

