’ iau

4 senza inrue 11 84411441448444444414444414 si 44414 4 qualche rn·
1444441444441411120144114 1844. ’

3001414144444 1444141411 14444414 144 quarantene 44411444114
corno 44444 per 14 4414 1141141444 141144 44441144 dinanno 14 1444 44144 oorno
iu concesso 14 14414111 sa. me. 4114 01441444. Leone 11130 44441144
13 144414 1828.(1444441411120 Aprile 1844.

3111414144444 1444141411 44114 4441 444144414 1141141444 4441
44114 444444114444441444414441144441414441 offorisro 414 44444111
10 4144414 ·.1828

3201414144444 14441414 11 300 414441 44411444114 come sopra per
14 4414 1141141444 44 ciascun 414444 44114 444114 1411011414 Divino o 14114
Β. vergine. 04444414 11120 Aprile 1844.

33.o 1414144444 1444141411 tre 4441, 44411444114 come sopra 44414
4414 1141141444 4 commoranti per ciascun’ ora 4 mezz’ ora ohe'sr 1441144·
4444 411 414444 411 44114 4444111184411441444 sagramento. 111414
1144441114.

340141414444414441414 41 300 414441, 44411444114 como sopra 444
14 4414 11411414 se 4 commoranti 444 41444444 414114 444 14444444 41 San·
11441444 8444444414.(114141144441114.

35114141444441444141411 300 414441 44411444114 come sopra 14
14444441 14114 1141141444, 0444444444ιί, 4 44 14111 411 41141 14141114 oia·
suun giorno 11 1411414144444, 8441144441, 4 ’1411441444 41 1444444 44114
4444414 chiesa. 44444111 30 4444114413 aposto 1828. ’04444414 111
20 Aprile 1844. ·

3110 1414144444 14441414 11 200 414441 44411444114 rome 44444 444
14 4414 114114144441144444444411, 41 41141 141411 4441414414 4414444444
14441444 41 04441444 44441 444114 441 0144114414 111144441444. 044-
porro 111 20 444114 1844.

31014141444441444141411 30414441, 4441144411444444 sopra por
14 114141444044444444411, 4141141 1414111444144414 11 4444 41 1114414 Po·
141. 444444 1113014411441311444141828. 0444414111 20144114 4844.

380 1414144444 14441414 11 200 414441,·4441144411444444 sopra 444
14 1141141444,044444444411 4 444411 41141 141411 444 444144114 4444144-
411411444414 444444414. Coo 44441 profundissimo 41444114 414114 111
11 uorum 4814. Leone 111 13 sporo 1828.

300 141414444414441414 11 200 41444144411444111 corne sopra per
14 4414 11411414444044444444411,4441 44114 444 44411444 14 014441414414.
13144444 11444444 11 8444444 11 Grau 41444144141141127144114 1842.

400111444141141141444 visitando ia propria chiesa, 141141414141·

44444 euocasse 4114 414114 14114 chiesa ed 411444 1144414414 1181444.
coeco ¹dli 1441411411 14 1444414 1848.

 

